8333332
437470870133215	437470972727850	437470870494152
437470982471183	437471089394568	437470982631288
437471096958631	437471197727746	437471097222954
437471201792433	437471306061130	437471202012902
437471307791340	437471410227849	437471308132433
437471420379725	437471522727902	437471420558006
437471532688631	437471635227850	437471532858371
437471645038527	437471751894568	437471645188944
437471758707277	437471860227849	437471758891444
437471870425975	437471976894568	437471870613943
437471982012589	437472085227901	437471982187902
437472094428110	437472197727902	437472094575766
437472205947381	437472314394568	437472206233214
437472317448006	437472422727901	437472317603422
437472429917068	437472539394620	437472430054464
437472541844881	437472643561234	437472542036756
437472653249516	437472760227901	437472654029620
437472766826547	437472868561286	437472767150401
437472878288787	437472985227901	437472879093474
437472992535297	437473093561182	437472992682276
437473101016860	437473210227953	437473101198214
437473213170974	437473318561234	437473213349933
437473326084724	437473435227900	437473326299047
437473437845870	437473539394567	437473438024985
437473549146026	437473651894567	437473549321912
437473661838370	437473768561234	437473662026026
437473773306026	437473876894567	437473773476495
437473885050349	437473989394619	437473885155661
437473998053838	437474106061338	437473998250766
437474110211963	437474214394671	437474110460766
437474220491963	437474331061286	437474220694255
437474333768161	437474435228005	437474333943682
437474445503786	437474547727952	437474445716911
437474557171390	437474664394619	437474557358734
437474669434932	437474772727952	437474669745765
437474780998890	437474889394619	437474781284515
437474893234203	437474997728005	437474893395974
437475006150713	437475110228004	437475006318682
437475118467640	437475226894566	437475118772223
437475230436703	437475331061286	437475230615244
437475341772223	437475443561285	437475341911234
437475454272171	437475560228005	437475454424098
437475567884307	437475668561286	437475568089775
437475677645661	437475785227952	437475677795296
437475788822223	437475893561286	437475788972796
437475901819411	437476001894619	437475902064202
437476012637171	437476118561390	437476012807067
437476124229150	437476231061389	437476124394567
437476237664150	437476339394670	437476237780817
437476350003942	437476456061337	437476350187431
437476462256650	437476564394671	437476462429046
437476574276546	437476681061389	437476574456077
437476686573785	437476789394723	437476686767275
437476797687848	437476901894671	437476797983889
437476909915817	437477010228004	437476910085556
437477021275973	437477126894670	437477021452223
437477133801337	437477243561285	437477133972587
437477243175556	437477347727951	437477243335087
437477352276389	437477456061337	437477352499931
437477463529462	437477564394670	437477463719827
437477573900504	437477676894722	437477574127275
437477685208577	437477793561337	437477685615556
437477798014306	437477901894670	437477798200504
437477909058160	437478010228055	437477909226597
437478020627431	437478126894774	437478020802899
437478133608524	437478235228055	437478133779097
437478245950608	437478347728055	437478246148785
437478357758368	437478464394721	437478357934201
437478471629931	437478572728055	437478471823681
437478582323055	437478689394722	437478582545660
437478694900920	437478797728055	437478695083837
437478807165607	437478910228107	437478807356389
437478917952951	437479018561440	437478918144878
437479029465659	437479135228106	437479029681805
437479142006909	437479243561389	437479142210034
437479253255139	437479360228107	437479253450399
437479365761649	437479468561388	437479365904930
437479477830295	437479585228054	437479478013628
437479589566805	437479693561440	437479589745138
437479703189253	437479806061388	437479703957430
437479810856180	437479914394669	437479811091701

