ChestMount 7071 -19.83651161 -9.382616997 -30.05887032
ChestMount 7076 -22.89463234 3.927946091e-05 -30.0651989
ChestMount 7135 -27.59892845 -0.0003519654274 7.029405117
ChestMount 7142 2.167852244e-07 21.59998703 6.998530865
ChestMount 7150 27.59892845 -0.0003509521484 7.02940464
ChestMount 7196 -18.0404892 0.199970603 23.31973457
ChestMount 7322 -20.92886162 10.1518507 17.80680656
ChestMount 7447 13.32117081 -0.5000349879 28.13920593
ChestMount 7464 -11.53283596 -0.5000424385 33.60835266
ChestMount 7573 -3.360275507 -10.63707447 33.41640091
ChestMount 7871 21.29999924 -14.99997425 -18.39993477
ChestMount 7894 25.30000114 -7.999976635 -16.59991455
ChestMount 8216 -25.70534325 -14.27079964 -14.84992218
ChestMount 8342 -21.29999924 -8.000011444 9.900092125
E05_Shutter.L 7615 -19.45653343 -10.30916119 -9.017288208
E05_Shutter.L 7635 -24.25626183 -9.218617439 -28.80712128
E05_Shutter.L 7642 -24.24626923 -9.346446037 -28.69498444
E05_Shutter.L 7670 -24.37617874 -10.52887058 -9.011962891
E05_Shutter.L 7675 -24.2461071 -10.73961353 8.028152466
E05_Shutter.L 7679 0.3775863647 -2.17468071 8.035507202
E05_Shutter.L 7691 -24.25494576 -8.315799713 26.0214386
E05_Shutter.L 7698 -20.03237152 -7.986234665 25.24505615
E05_Shutter.L 7726 -24.31457901 -8.451142311 -28.63420868
E05_Shutter.L 7754 -2.46408844 -0.2358636856 -25.83917999
E05_Shutter.L 7773 -24.42741776 -7.689210892 25.83798218
E05_Shutter.L 7782 -24.31799889 -7.561475754 25.79933167
E05_Shutter.L 7806 -3.119693756 0.6727647781 21.79458618
E05_Shutter.L 7810 -3.078256607 0.5982933044 21.94192505
E05_Shutter.R 7979 19.45653534 -10.30916119 -9.017290115
E05_Shutter.R 8003 24.25626373 -9.218615532 -28.80712318
E05_Shutter.R 8006 24.25626373 -9.218615532 -28.80712318
E05_Shutter.R 8034 24.24779701 -10.6402483 -9.016374588
E05_Shutter.R 8041 24.2461071 -10.73961544 8.028150558
E05_Shutter.R 8045 -0.3775863647 -2.174683571 8.035506248
E05_Shutter.R 8051 24.25494576 -8.31580162 26.02145195
E05_Shutter.R 8062 20.01063538 -8.121044159 25.14147758
E05_Shutter.R 8090 24.30631065 -8.563336372 -28.76260567
E05_Shutter.R 8118 2.46408844 -0.2358636856 -25.83917999
E05_Shutter.R 8137 24.42741966 -7.689212799 25.83798027
E05_Shutter.R 8146 24.30972099 -7.665924072 25.93514824
E05_Shutter.R 8173 3.119691849 0.6727600098 21.79458618
E05_Shutter.R 8174 3.119691849 0.6727600098 21.79458618
HeadMount 8343 -1.170503492e-05 -14.74536991 0.6565212607
HeadMount 8365 -1.150451135e-05 15.94541836 0.656560123
HeadMount 8466 -2.078424931 8.57272625 14.59548473
HeadMount 8589 11.65736771 0.6000173092 5.32846117
HeadMount 8712 -1.954055071 -1.27549541 16.02567863
HeadMount 8748 -1.068299662e-05 0.6000000834 17.24995422
HeadMount 8836 11.13879013 -3.483616352 -11.58095264
HeadMount 8842 -13.00949669 1.924440384 -6.332364559
HeadMount 8858 13.0094738 1.924440384 -6.332364559
HeadMount 8959 5.097313881 13.41928864 -6.247938156
HeadMount 9029 -1.160469583e-05 -13.19872284 -11.78238106
HeadMount 9082 6.872038364 -13.58418369 -1.41691792
HeadMount 9089 -1.165273079e-05 -16.2497406 -1.41274035
HeadMount 9206 -11.84515953 -0.4238450229 -1.375381827
Shoulder.L 9207 -5.762004852 -2.769315481 2.948287964
Shoulder.L 9255 -1.26852417 0.0001180171967 10.84085178
Shoulder.L 9268 -1.449714661 9.491422653 -0.9307555556
Shoulder.L 9279 3.016094208 -10.58154869 -0.9618909359
Shoulder.L 9292 3.016212463 10.58162498 -0.9619959593
Shoulder.L 9330 -5.237781525 -2.499079466 3.058577299
Shoulder.L 9392 2.992630005 -9.8800354 -4.623118877
Shoulder.L 9453 2.605876923 -5.608615875 4.395124912
Shoulder.L 9508 15.24817467 -6.333170891 -16.87675285
Shoulder.L 9515 15.34461403 -7.36133194 -11.85295963
Shoulder.L 9523 15.4406395 -5.435943604e-05 -5.564483166
Shoulder.L 9577 6.599136353 -6.073849678 1.319153428
Shoulder.L 9639 15.15205956 5.784620762 -16.65302849
Shoulder.R 9640 5.761993408 -2.769361973 2.948536158
Shoulder.R 9688 1.268508911 0.0002222061157 10.84104633
Shoulder.R 9701 1.44968605 9.491298676 -0.9307464361
Shoulder.R 9712 -3.016094208 -10.58168697 -0.9614911079
Shoulder.R 9725 -3.016242981 10.58149624 -0.9620082974
Shoulder.R 9763 5.237770081 -2.499124527 3.058820009
Shoulder.R 9825 -2.992631912 -9.880243301 -4.622732639
Shoulder.R 9886 -2.605884552 -5.608644485 4.395427704
Shoulder.R 9941 -15.2481823 -6.333634377 -16.87645149
Shoulder.R 9948 -15.34461975 -7.361697197 -11.85262299
Shoulder.R 9956 -15.44065666 -0.0002927780151 -5.564290047
Shoulder.R 10010 -6.599143982 -6.073944092 1.31946528
Shoulder.R 10072 -15.15207863 5.784166813 -16.65294838
